283.5634731025202 55.451114527160826,
281.41549481864786 71.9791562346727,
281.41549481864786 71.9791562346727,
280.59171530860476 75.58116718848032,
280.59171530860476 75.58116718848032,
277.94399334397167 83.23264078412467,
277.94399334397167 83.23264078412467,
277.3301512185717 87.025644652349,
277.3301512185717 87.025644652349,
277.11772731348174 100.76123952607304,
277.11772731348174 100.76123952607304,
277.13401636772323 107.48978243859165,
277.13401636772323 107.48978243859165,
276.21330947830575 113.42978874872642,
276.21330947830575 113.42978874872642,
274.00065351533704 119.99739280258655,
274.00065351533704 119.99739280258655,
273.65089862042805 121.22146456137853,
273.65089862042805 121.22146456137853,
271.7579153472907 129.26164228242123,
271.7579153472907 129.26164228242123,
270.5432454503607 136.8932518643196,
270.5432454503607 136.8932518643196,
269.81095112406183 139.8912917095513,
269.81095112406183 139.8912917095513,
267.27877260081004 147.27454012948147,
267.27877260081004 147.27454012948147,
267.08448621974094 154.74521085272136,
267.08448621974094 154.74521085272136,
267.0370359043591 153.55845566580683,
267.0370359043591 153.55845566580683,
267.0512700607069 163.2941118771705,
267.0512700607069 163.2941118771705,
266.02476876648143 167.9006582980146,
266.02476876648143 167.9006582980146,
266.4866891881684 177.19682906966773,
266.4866891881684 177.19682906966773,
266.6466522049159 176.97973238281702,
266.6466522049159 176.97973238281702,
267.5412647049525 182.88919671621989,
267.5412647049525 182.88919671621989,
267.31848186202114 192.48759700264054,
267.31848186202114 192.48759700264054,
267.60189826984424 201.52944834651862,
267.60189826984424 201.52944834651862,
267.3493522471981 211.2350692683176,
267.3493522471981 211.2350692683176,
266.2855437641265 226.07250231221406,
266.2855437641265 226.07250231221406,
265.93845366849564 237.4992269588838,
265.93845366849564 237.4992269588838,
266.3480445650639 276.4326469873922,
266.3480445650639 276.4326469873922,
270.5903204418719 285.00121498058434,
270.5903204418719 285.00121498058434,
274.0587442612159 287.65253067088634,
274.0587442612159 287.65253067088634,
276.66766712476965 290.67812866839085,
276.66766712476965 290.67812866839085,
281.3445586145972 297.5932638234226,
281.3445586145972 297.5932638234226,
286.47218587598763 305.65696496556484,
286.47218587598763 305.65696496556484,
291.10650626034476 314.27986108326877,
291.10650626034476 314.27986108326877,
295.1780567097012 321.4912768703507,
295.1780567097012 321.4912768703507,
296.1849004182732 323.55166395520064,
296.1849004182732 323.55166395520064,
299.49500326265115 331.68756801929703,
299.49500326265115 331.68756801929703,
302.2599107102724 339.1791442799149,
302.2599107102724 339.1791442799149,
303.2419079813408 343.0125423754289,
303.2419079813408 343.0125423754289,
303.5005061008269 344.712074363124,
303.5005061008269 344.712074363124,
304.1970977477031 347.3674810831799,
304.1970977477031 347.3674810831799,
309.3132119505899 361.01093395642965,
309.3132119505899 361.01093395642965,
310.2706161275273 364.2731173307038,
310.2706161275273 364.2731173307038,
314.5487917288556 384.75188336325664,
314.5487917288556 384.75188336325664,
315.11788587039337 386.78497502250684,
315.11788587039337 386.78497502250684,
318.0849708826863 395.4056754958001,
318.0849708826863 395.4056754958001,
319.431904897443 398.42050169936556,
319.431904897443 398.42050169936556,
321.581562755513 402.33195776859793,
321.581562755513 402.33195776859793,
323.74978037702385 408.92699799449474,
323.74978037702385 408.92699799449474,
325.3159316582605 427.3186445023457,
325.3159316582605 427.3186445023457,
322.6351999627077 437.3561642877539,
322.6351999627077 437.3561642877539,
319.4439246431575 443.5713767968482,
319.4439246431575 443.5713767968482,
314.84036204672884 449.8293949888466,
314.84036204672884 449.8293949888466,
294.66618068603566 469.64398797034664,
294.66618068603566 469.64398797034664,
292.89800196967553 471.89648455801216,
292.89800196967553 471.89648455801216,
289.67903713457054 477.0874008003666,
289.67903713457054 477.0874008003666,
288.61061216844246 479.3073286626095,
288.61061216844246 479.3073286626095,
287.5707305796095 482.15945198550617,
287.5707305796095 482.15945198550617,
286.1634257265832 485.1188428592577,
286.1634257265832 485.1188428592577,
285.6592813738971 486.0,
276.0197268294869 480.1810543915053,
276.0303391107591 480.2094757885934,
276.0303391107591 480.2094757885934,
277.0292353372788 478.2023940708168,
277.0292353372788 478.2023940708168,
278.52260194468545 474.3060072533917,
278.52260194468545 474.3060072533917,
280.1478761124308 471.0925596785528,
280.1478761124308 471.0925596785528,
284.13644246268086 464.82427637978253,
284.13644246268086 464.82427637978253,
286.7952083310811 461.59235348936636,
286.7952083310811 461.59235348936636,
305.8279173250776 443.07981517560256,
305.8279173250776 443.07981517560256,
309.50306012725923 438.28360823994444,
309.50306012725923 438.28360823994444,
311.874646966462 434.04079752664984,
311.874646966462 434.04079752664984,
314.08982698229374 428.18785696217674,
314.08982698229374 428.18785696217674,
312.9999991746736 412.2771572747224,
312.9999991746736 412.2771572747224,
311.68990319385193 407.7111927430742,
311.68990319385193 407.7111927430742,
309.1241801031283 402.95173001045623,
309.1241801031283 402.95173001045623,
307.433806016983 399.05721981218085,
307.433806016983 399.05721981218085,
304.25927952339407 389.7635261778196,
304.25927952339407 389.7635261778196,
303.5252493243315 387.0459564482735,
303.5252493243315 387.0459564482735,
299.45171904179733 367.39284654498624,
299.45171904179733 367.39284654498624,
298.7607009537169 364.9384726518183,
298.7607009537169 364.9384726518183,
293.2696007115301 350.08246107828745,
293.2696007115301 350.08246107828745,
292.33691160881426 346.18020982600865,
292.33691160881426 346.18020982600865,
292.3102636167896 345.71074539529945,
292.3102636167896 345.71074539529945,
291.69525798765244 343.0739359710642,
291.69525798765244 343.0739359710642,
289.059818495356 335.9169984380205,
289.059818495356 335.9169984380205,
286.04346284712665 328.44374736344616,
286.04346284712665 328.44374736344616,
285.37223370809807 327.02544552220206,
285.37223370809807 327.02544552220206,
281.1799040500773 319.59435269693495,
281.1799040500773 319.59435269693495,
276.96971836080775 311.6971827385278,
276.96971836080775 311.6971827385278,
271.99100082932273 303.8616034207662,
271.99100082932273 303.8616034207662,
268.0754161979421 297.95511352872563,
268.0754161979421 297.95511352872563,
266.3360248193494 295.84646918233193,
266.3360248193494 295.84646918233193,
260.2759148834157 289.517223910334,
260.2759148834157 289.517223910334,
255.0889301581774 276.5497104902315,
255.0889301581774 276.5497104902315,
254.68406834179768 237.15267169968865,
254.68406834179768 237.15267169968865,
255.0549727344769 225.26296634149185,
255.0549727344769 225.26296634149185,
256.0937283518724 210.9315448863199,
256.0937283518724 210.9315448863199,
256.34730651503196 201.86890998531453,
256.34730651503196 201.86890998531453,
256.06435926206177 192.13293474869715,
256.06435926206177 192.13293474869715,
256.38692194543546 184.42609150490898,
256.38692194543546 184.42609150490898,
255.9076615627273 180.36432762452023,
255.9076615627273 180.36432762452023,
255.23084009857848 177.49219015834387,
255.23084009857848 177.49219015834387,
255.1232066070079 165.08338379281486,
255.1232066070079 165.08338379281486,
255.79279370425502 163.1268300457741,
255.79279370425502 163.1268300457741,
256.05680586997187 156.05154421213228,
256.05680586997187 156.05154421213228,
255.84177346416982 154.12671471188514,
255.84177346416982 154.12671471188514,
256.6379666727735 143.59291360805946,
256.6379666727735 143.59291360805946,
258.8913546545664 137.14472821407253,
258.8913546545664 137.14472821407253,
259.42690422869055 135.10216901118838,
259.42690422869055 135.10216901118838,
260.800279807474 126.6710446048528,
260.800279807474 126.6710446048528,
262.8433175482205 118.06279549964529,
262.8433175482205 118.06279549964529,
263.37275872711325 116.27864675429737,
263.37275872711325 116.27864675429737,
265.1105737454491 111.55613465281203,
265.1105737454491 111.55613465281203,
265.8743202088517 107.51459134381003,
265.8743202088517 107.51459134381003,
265.8603956947336 100.52955212529923,
265.8603956947336 100.52955212529923,
266.24980355228763 85.02385500059609,
266.24980355228763 85.02385500059609,
267.3172245272435 79.51070448326936,
267.3172245272435 79.51070448326936,
269.6363504779292 72.98094245465472,
269.6363504779292 72.98094245465472,
270.2496859161183 70.52804170751187,
270.2496859161183 70.52804170751187,
272.3976641999907 54.0